68853694464
34628173824
8899306455040
268435456
8864946716672
4432674684928
15462016483328
34628173824
6665923461120
2260630534881280
6717463068672
2260596175142912
2285056819200
2827978534813696
1141379103195136
2814784395280384
1141310383718400
2832445300801536
7896709824774144
580645487116288
15410476875776
17469144089755648
15650995044352
17469041010540544
6786182545408
17477906359910400
6786451505152
17477906091474944
2336462733312
17482356147355648
2465378861056
17482235821162496
266355605504
17485534356045824
283940355571712
17483335332790272
283734197141504
17518725863309312
284215233478656
17518519704879104
284077794525184
17589025888010240
35855477976334336
32024215683072
26848278721593344
4620725241897811968
2341698487190028288
4611718042643070976
29100078535278592
8077237955904667648
612325026372780032
8070473760370589696
31923624395407360
8939105538499674112
177727662331527168
8937416688639410176
32768049325539328
9154433895683325952
32768051338805248
9154433894743801856
13548242877284352
9173653703209517056
13548380855205888
9173653565233692672
13546163710459904
9173655782379487232
13546232564416512
9173655713525792768
13546223773155328
9173655722350608384
13546253871480832
9173655696547250176
1